 <pre>

 Contingency table for Low clouds (octas)
 Selection: Ireland     27 stations
Period: 20191101-20191114
Used {00,12} + 01 02 ... 24
 Limits    1.00000000       2.00000000       3.00000000       4.00000000       5.00000000       6.00000000       7.00000000    
 Each class is data <= limit, the very last > last limit
 Total number of values       15746
                                              OBSERVATION
                                   2198      656      504      472      408      461      999      414 |      6112
                                     70       51       58       41       40       52      126       52 |       490
                                     57       29       52       37       27       19      100       48 |       369
                           DEF       44       29       23       29       23       18       69       34 |       269
                                     51       30       37       25       32       37       84       39 |       335
                                     33       31       38       22       31       33       91       48 |       327
                                     75       62       49       43       44       69      122       69 |       533
                                    393      454      480      416      525      621     2454     1968 |      7311

                    SUM            2921     1342     1241     1085     1130     1310     4045     2672 |     15746
                                              OBSERVATION
                                   2199      661      508      481      401      448      979      412 |      6089
                                     82       34       52       33       52       55      123       58 |       489
                                     59       38       42       30       39       30      106       42 |       386
                      CDCN_mod       44       41       27       27       27       32       75       39 |       312
                                     47       27       35       21       28       36       85       43 |       322
                                     51       30       45       32       35       39       87       40 |       359
                                     71       68       53       42       50       58      153       75 |       570
                                    368      443      479      419      498      612     2437     1963 |      7219

                    SUM            2921     1342     1241     1085     1130     1310     4045     2672 |     15746

