 <pre>

 Contingency table for Low clouds (octas)
 Selection: Ireland     27 stations
Period: 20191101-20191114
Used {00} + 01 02 ... 24
 Limits    1.00000000       2.00000000       3.00000000       4.00000000       5.00000000       6.00000000       7.00000000    
 Each class is data <= limit, the very last > last limit
 Total number of values        7936
                                              OBSERVATION
                                   1061      328      251      234      206      227      502      209 |      3018
                                     41       24       21       20       23       28       72       24 |       253
                                     27       16       27       12       14        8       47       25 |       176
                           DEF       20       15        8       14        9       11       42       19 |       138
                                     29       15       16       15       13       20       48       20 |       176
                                     14       10       23        7       14       17       40       28 |       153
                                     28       29       19       26       25       28       67       30 |       252
                                    200      229      252      213      263      312     1225     1076 |      3770

                    SUM            1420      666      617      541      567      651     2043     1431 |      7936
                                              OBSERVATION
                                   1071      330      253      248      205      213      508      207 |      3035
                                     42       19       23       12       19       26       67       36 |       244
                                     27       17       13       18       17       17       49       25 |       183
                      CDCN_mod       21       22       12       13       14       18       42       22 |       164
                                     27       11       20        9       18       22       37       22 |       166
                                     19       15       26       11       16       18       45       15 |       165
                                     29       26       24       14       24       33       67       41 |       258
                                    184      226      246      216      254      304     1228     1063 |      3721

                    SUM            1420      666      617      541      567      651     2043     1431 |      7936

