 <pre>

 Contingency table for Cloud base (m)
 Selection: ALL    143 stations
Period: 20191101-20191114
Used {00} + 03 06 09 12 15 18 21 24
 Limits    70.0000000       150.000000       300.000000       600.000000       1000.00000       1500.00000       2500.00000       5000.00000    
 Each class is data <= limit, the very last > last limit
 Total number of values       13130
                                                       OBSERVATION
                                    228      169       84       51       14       10        7        2        2 |       567
                                     98      162       98       66       27       14        2        1        0 |       468
                                     48      184      256      182       68       30        9        5        1 |       783
                                     45      167      411      719      399      163       40       27        8 |      1979
                           DEF       31       70      180      511      729      417       85       59       16 |      2098
                                     26       31       98      309      452      516       64       51       13 |      1560
                                     14       18       59      178      243      312       99       44        5 |       972
                                      9       10       37      145      196      218      125      175       21 |       936
                                     91       63      118      545      931     1041      295      397      286 |      3767

                    SUM             590      874     1341     2706     3059     2721      726      761      352 |     13130
                                                       OBSERVATION
                                    241      169       79       50       17       11        5        1        5 |       578
                                     82      162       87       66       12        9        5        1        0 |       424
                                     54      183      254      181       70       32        7        2        1 |       784
                                     36      160      433      722      385      177       41       30       12 |      1996
                      CDCN_mod       34       77      184      519      725      414       69       70       10 |      2102
                                     26       38       98      299      470      510       78       43        7 |      1569
                                     17       19       47      179      233      307      106       38        7 |       953
                                      7        5       35      141      197      206      128      190       16 |       925
                                     93       61      124      549      950     1055      287      386      294 |      3799

                    SUM             590      874     1341     2706     3059     2721      726      761      352 |     13130

