 <pre>

 Contingency table for Low clouds (octas)
 Selection: ALL    143 stations
Period: 20191101-20191114
Used {00} + 01 02 ... 24
 Limits    1.00000000       2.00000000       3.00000000       4.00000000       5.00000000       6.00000000       7.00000000    
 Each class is data <= limit, the very last > last limit
 Total number of values       41125
                                              OBSERVATION
                                   4867     1619     1290     1108     1017      986     1896      857 |     13640
                                    236      133      142      117      118      131      284      101 |      1262
                                    160      105      116       91       87      104      201       84 |       948
                           DEF      138       95       87       79       76       80      176       80 |       811
                                    122       84       90       71       77       94      170       66 |       774
                                    113       99      132       95      107       88      203      100 |       937
                                    200      172      162      132      135      162      337      128 |      1428
                                   1214     1883     1996     1909     2121     2572     5801     3829 |     21325

                    SUM            7050     4190     4015     3602     3738     4217     9068     5245 |     41125
                                              OBSERVATION
                                   4894     1576     1291     1105     1027      958     1890      853 |     13594
                                    244      149      141      132      134      144      270      117 |      1331
                                    165      103       97      100       77       94      195       81 |       912
                      CDCN_mod      142       92       91       71       96       91      188       81 |       852
                                    141       96       98       64       75       99      176       80 |       829
                                    115      110      122      107       86      117      218       77 |       952
                                    178      151      175      123      140      147      356      135 |      1405
                                   1171     1913     2000     1900     2103     2567     5775     3821 |     21250

                    SUM            7050     4190     4015     3602     3738     4217     9068     5245 |     41125

