 <pre>

 Contingency table for Cloud base (m)
 Selection: Ireland     27 stations
Period: 20191101-20191114
Used {00,12} + 03 06 09 12 15 18 21 24
 Limits    70.0000000       150.000000       300.000000       600.000000       1000.00000       1500.00000       2500.00000       5000.00000    
 Each class is data <= limit, the very last > last limit
 Total number of values        4943
                                                       OBSERVATION
                                     66       66       22       18        1        2        1        0        0 |       176
                                     22       45       45       12        3        5        0        0        0 |       132
                                     15       66       82       47       12       11        1        1        0 |       235
                                     20       62      139      246      114       47        8       15        1 |       652
                           DEF       10       27       60      212      242      106       19       26        6 |       708
                                     16       16       41      155      197      150       17       23        9 |       624
                                     10        9       26       98      109       81       11        9        0 |       353
                                      5        7       18       71       88       67       28       61        5 |       350
                                     44       39       46      302      413      427       69      232      141 |      1713

                    SUM             208      337      479     1161     1179      896      154      367      162 |      4943
                                                       OBSERVATION
                                     69       67       25       13        0        0        1        0        1 |       176
                                     16       51       33       14        1        5        1        0        0 |       121
                                     19       53       76       49        9       12        0        1        0 |       219
                                     16       58      137      244      118       51        7       11        2 |       644
                      CDCN_mod       14       30       78      218      240      120        9       25        5 |       739
                                     15       20       41      154      207      163       17       23        8 |       648
                                     12       11       24       91      117       72       17       17        1 |       362
                                      3       11       16       69       76       62       24       73        5 |       339
                                     44       36       49      309      411      411       78      217      140 |      1695

                    SUM             208      337      479     1161     1179      896      154      367      162 |      4943

