 <pre>

 Contingency table for Low clouds (octas)
 Selection: ALL    143 stations
Period: 20191101-20191114
Used {12} + 01 02 ... 24
 Limits    1.00000000       2.00000000       3.00000000       4.00000000       5.00000000       6.00000000       7.00000000    
 Each class is data <= limit, the very last > last limit
 Total number of values       40993
                                              OBSERVATION
                                   4957     1648     1362     1120     1049     1063     1912      796 |     13907
                                    249      145      172      114      116      124      247      116 |      1283
                                    160       97      113      103       95       82      212       87 |       949
                           DEF      154       75      101       93       82       80      172       57 |       814
                                    147      105       99       90       78       97      184       74 |       874
                                    137      124       89       87       81      103      225       88 |       934
                                    206      190      187      146      146      176      339      132 |      1522
                                   1265     1894     1963     1916     2158     2540     5711     3263 |     20710

                    SUM            7275     4278     4086     3669     3805     4265     9002     4613 |     40993
                                              OBSERVATION
                                   4908     1687     1360     1132     1011     1043     1836      797 |     13774
                                    292      119      137      136      144      142      240      100 |      1310
                                    195      105      122       99      114       91      226       65 |      1017
                      CDCN_mod      146       88       91       67       79       78      165       68 |       782
                                    143       88       98       75       73       91      196       83 |       847
                                    138       94      110      119      100      110      199       82 |       952
                                    212      199      184      165      161      161      372      163 |      1617
                                   1241     1898     1984     1876     2123     2549     5768     3255 |     20694

                    SUM            7275     4278     4086     3669     3805     4265     9002     4613 |     40993

