 <pre>

 Contingency table for Low clouds (octas)
 Selection: ALL    143 stations
Period: 20191101-20191114
Used {00,12} + 01 02 ... 24
 Limits    1.00000000       2.00000000       3.00000000       4.00000000       5.00000000       6.00000000       7.00000000    
 Each class is data <= limit, the very last > last limit
 Total number of values       82118
                                              OBSERVATION
                                   9824     3267     2652     2228     2066     2049     3808     1653 |     27547
                                    485      278      314      231      234      255      531      217 |      2545
                                    320      202      229      194      182      186      413      171 |      1897
                           DEF      292      170      188      172      158      160      348      137 |      1625
                                    269      189      189      161      155      191      354      140 |      1648
                                    250      223      221      182      188      191      428      188 |      1871
                                    406      362      349      278      281      338      676      260 |      2950
                                   2479     3777     3959     3825     4279     5112    11512     7092 |     42035

                    SUM           14325     8468     8101     7271     7543     8482    18070     9858 |     82118
                                              OBSERVATION
                                   9802     3263     2651     2237     2038     2001     3726     1650 |     27368
                                    536      268      278      268      278      286      510      217 |      2641
                                    360      208      219      199      191      185      421      146 |      1929
                      CDCN_mod      288      180      182      138      175      169      353      149 |      1634
                                    284      184      196      139      148      190      372      163 |      1676
                                    253      204      232      226      186      227      417      159 |      1904
                                    390      350      359      288      301      308      728      298 |      3022
                                   2412     3811     3984     3776     4226     5116    11543     7076 |     41944

                    SUM           14325     8468     8101     7271     7543     8482    18070     9858 |     82118

