 <pre>

 Contingency table for Cloud base (m)
 Selection: ALL    143 stations
Period: 20191101-20191114
Used {00,12} + 03 06 09 12 15 18 21 24
 Limits    70.0000000       150.000000       300.000000       600.000000       1000.00000       1500.00000       2500.00000       5000.00000    
 Each class is data <= limit, the very last > last limit
 Total number of values       26159
                                                       OBSERVATION
                                    371      285      154       99       29       20       11        6        4 |       979
                                    155      276      213      137       55       27        5        1        0 |       869
                                     85      338      481      355      129       60       12        8        2 |      1470
                                     88      311      809     1430      767      358       82       58       15 |      3918
                           DEF       59      132      338     1086     1494      850      164      131       31 |      4285
                                     50       56      185      615      970     1033      144      111       34 |      3198
                                     25       36      117      333      484      597      211       89       14 |      1906
                                     22       30       86      302      411      425      239      366       37 |      1918
                                    180      133      255     1117     1876     2110      591      775      579 |      7616

                    SUM            1035     1597     2638     5474     6215     5480     1459     1545      716 |     26159
                                                       OBSERVATION
                                    395      296      159       95       32       22        8        1        8 |      1016
                                    125      276      188      129       35       19        8        2        0 |       782
                                     95      324      469      349      127       65       13        5        1 |      1448
                                     74      290      830     1454      753      368       83       56       20 |      3928
                      CDCN_mod       63      136      372     1098     1512      860      147      145       27 |      4360
                                     52       79      191      595      988     1049      153      103       28 |      3238
                                     27       35       93      348      473      591      213       91       16 |      1887
                                     20       32       80      302      395      381      257      373       35 |      1875
                                    184      129      256     1104     1900     2125      577      769      581 |      7625

                    SUM            1035     1597     2638     5474     6215     5480     1459     1545      716 |     26159

