 <pre>

 Contingency table for Cloud base (m)
 Selection: ALL    143 stations
Period: 20191101-20191114
Used {12} + 03 06 09 12 15 18 21 24
 Limits    70.0000000       150.000000       300.000000       600.000000       1000.00000       1500.00000       2500.00000       5000.00000    
 Each class is data <= limit, the very last > last limit
 Total number of values       13029
                                                       OBSERVATION
                                    143      116       70       48       15       10        4        4        2 |       412
                                     57      114      115       71       28       13        3        0        0 |       401
                                     37      154      225      173       61       30        3        3        1 |       687
                                     43      144      398      711      368      195       42       31        7 |      1939
                           DEF       28       62      158      575      765      433       79       72       15 |      2187
                                     24       25       87      306      518      517       80       60       21 |      1638
                                     11       18       58      155      241      285      112       45        9 |       934
                                     13       20       49      157      215      207      114      191       16 |       982
                                     89       70      137      572      945     1069      296      378      293 |      3849

                    SUM             445      723     1297     2768     3156     2759      733      784      364 |     13029
                                                       OBSERVATION
                                    154      127       80       45       15       11        3        0        3 |       438
                                     43      114      101       63       23       10        3        1        0 |       358
                                     41      141      215      168       57       33        6        3        0 |       664
                                     38      130      397      732      368      191       42       26        8 |      1932
                      CDCN_mod       29       59      188      579      787      446       78       75       17 |      2258
                                     26       41       93      296      518      539       75       60       21 |      1669
                                     10       16       46      169      240      284      107       53        9 |       934
                                     13       27       45      161      198      175      129      183       19 |       950
                                     91       68      132      555      950     1070      290      383      287 |      3826

                    SUM             445      723     1297     2768     3156     2759      733      784      364 |     13029

