 <pre>

 Contingency table for Low clouds (octas)
 Selection: Ireland     27 stations
Period: 20191101-20191114
Used {12} + 01 02 ... 24
 Limits    1.00000000       2.00000000       3.00000000       4.00000000       5.00000000       6.00000000       7.00000000    
 Each class is data <= limit, the very last > last limit
 Total number of values        7810
                                              OBSERVATION
                                   1137      328      253      238      202      234      497      205 |      3094
                                     29       27       37       21       17       24       54       28 |       237
                                     30       13       25       25       13       11       53       23 |       193
                           DEF       24       14       15       15       14        7       27       15 |       131
                                     22       15       21       10       19       17       36       19 |       159
                                     19       21       15       15       17       16       51       20 |       174
                                     47       33       30       17       19       41       55       39 |       281
                                    193      225      228      203      262      309     1229      892 |      3541

                    SUM            1501      676      624      544      563      659     2002     1241 |      7810
                                              OBSERVATION
                                   1128      331      255      233      196      235      471      205 |      3054
                                     40       15       29       21       33       29       56       22 |       245
                                     32       21       29       12       22       13       57       17 |       203
                      CDCN_mod       23       19       15       14       13       14       33       17 |       148
                                     20       16       15       12       10       14       48       21 |       156
                                     32       15       19       21       19       21       42       25 |       194
                                     42       42       29       28       26       25       86       34 |       312
                                    184      217      233      203      244      308     1209      900 |      3498

                    SUM            1501      676      624      544      563      659     2002     1241 |      7810

